$ANSIBLE_VAULT;1.1;AES256
61666139626363623632643865613166626232663939373463386138346334663765376437646663
3831343464333166376130396566336364303532623038300a616239616461313432653763376639
61366538363938373136633364636439333364666334383666303463623630613266326336373633
3036303535373366650a643233623230363435623539343832363634333430376564376234396338
64346164316235613938336463663230633032316233613038613738333538643239343263336661
39383064323765376135336662336535366139323036303162363761346264326133336166353035
66343830636264623937326633643632616266363462653262616562346337393033633134636234
65383032623130653163653130313266363736666164323137373965633965363835313961666239
37343135326534393162326439383361396136303834336637313739363230626465393662643235
65613332316439383965646639666232356362663639343537313164643738373635626163626638
38633262363535353939633764633462376464346461666530653935376266363931363434336261
30663230373830383136383036643266663465383562303733343364643665613234373630303164
34616164653636393437393035393637663938383135336463666362313138646162323635653966
37356561326531383362326430623834346364643633626334616430323563303936373932616262
35343530663562613433313762653233663034613130623064363732313364323763343533666434
37636238623464643834666535613239363634316131356162643934383064656333383536633330
39376235626233343261303764326363336639623034633335303030303830373430376637356334
66626464623865656333666537636139653630346331653734343861396435363035373466616136
66623862343866333463353165633235346364613166383863643038363131313163353033646435
34303338616333363837656335383065366462363639313362363065373732353636363861656337
31353531363336336631643131653737643033336438653564393630343862313132643437323363
66373733346663373530333964323735303537353566663636663935386331666130363462646462
32323237323837356338393261656334366431306639326262383061386161643565613835333464
31303637626433646638316161376236663230353132353231306436373862396338363266316538
39653837623137643839323839376234616262343233383563393939356230623765356339353264
36616330623334356466336161656338346135643932383266613961643332363631396333343862
35626332643435366131363331323135386636373538656435633566376537666636323961613430
65393733393134383439623331653433376461633632393666376536356662303839336438656135
33316135316265646634343962643861396631343733623162306337643136326463373565376636
31653164363131386362636461653063303265643931613764613035656134333464333133323166
34313534353032646634306531643733633362323463626330626163326463363032656464306233
36616465633136313736346232346133383337396439653666376238363861656331323136663934
61363261393566336633333335343236616566633535613862303432326232303735356236356632
61356332306262666164666564616264343061663739313464376261653535366638363533316561
36316539323166383433646262303137366264646435313662353630356539333163663735656633
36393763363766613835323938396138386566613335313235393837396133326262363966383031
61336234666236313634643237393632616537616337383831373331383164333830343866363366
39633863633762306362623763333336303439326634373265313830623231373763636339316536
62386635326537363966343030653435313962633132343665396466376434363534616361343936
35656339333366313361356661623662363264633562646338616634336432376132376161663931
39666230616534313539396164383333313665343939626638393564653262363530643731663065
31383162393264626561363039333532663632636230316236643030356661336434343666306234
37656165316266393539383263346362396530383931376465333834353533373135316438303137
38666632633636623835623163333533613830643030643237313531313030663134366436313661
30666237623331386636303731306466373532633338353563633231663132613336393533663632
64366233373664636562653361663663306465323164656531343732656665366164363465653933
66353330383666383761626436313062303164356461633832613962646364393735346334366164
61346131666465636131396362386431643535653361336230366138343364356566656366313130
36303837613439643430643936396230653237356338306461346266633962343430616263393735
61333437643162626564333863313765663532636462343061656366323337363439393561393237
31323038663430616130656331363463376330653733306436653931316666306439333634383763
63353337383532343364393464646634363438306638623361346138386166353538626338313235
62613539346162313064636161666464616332303266346230623230666337376434663030383661
61313861393731643133646466323461353436663064613433373532613130336161353938646233
31366538396262313034626635353965396134383731643231633531633161343936386661323766
37343231336663646532393964353231623630353366643136623066363638393031616233343636
63623265653536663731356539626537316234313536366564386630393035333534643139636635
66626664663065393961653261636139323231316237636261623765343034613935653862313637
30386438393334326239393934326232666230646635346237613336336365333063326532636234
33616363643266663266396361366466313365333838613166646233633964616534663163336430
39386632633530626265353634666335353431643365343839653266326434313864613934306134
63336536323265336539643536333134396231613965343435623533336366373964376366636336
66616334306236326136386263343239353365316562353866346235323835646166373031316162
61376166626538316437366636373339316230313431623762623163306338633931373239316538
64313461646336656431346466613335343430323432326662633563323164366139643534633965
62306236626333653137353765393136623138326365373638363833613531666166633966633662
65633566333438643836306265393261306432633365623732636666393434323737393038353764
39386135353635333665346435633535323161316239636265623036623638393037306330623462
63386266353365343662626162633038666462646134323038316662343430666530306231626136
30373236376134636334333931643536323464396436346461643163353262636536373633633561
34303163376463373932393739316664613661646633396534653762616433393366663238666632
37633239316336303439306165383638333766336365306661393335636261313661393236343462
34336339313364306438613533613865663535623738396265333765636465313136333933303764
30373037623430323730333634303931656363656462323239313630613335663334343832613939
37373030333362336664356538663966363331666661383836343363306139396434326231366261
31313764623566356565333039616634616330393939313766373039643932366565333464313239
35306337643061373035343835376461646166653639393063656431643733393463633030643663
36306464643335323164393939666464643236623239323437356361393038663064663862623561
62663761663038643066333138303765393439386363626130313634383332323939636462336330
34313263306232303661373432373036313738306230613036356238616464376334643332373739
37313135643933353538646566653836373463666334666631383662653966326365366435353736
37616262633436333235613365623832623964333166333563393739363531636639663237646639
33373534633935313339666564653931323764396265623266373766636661346133316163623830
66376538636265663163366564343735386465636430353530623261323464363239643731366135
31353534303064363734316630383235306633633637656465306137663165633466306239663264
34613464613237386466616132633939663861653261316530313036326133353537636533343931
36623162353866373734306237613531376432356636323835316331666235383134346634393731
66313933313334386237643437396635616632333464343063653564366232356337316631643662
33626333373764613165333330316539363337633861643830383333656434356132346437656234
38376264393032326339333365613536633938373065396234663332646232663662386162636262
63313136383430393830303230626534346266643864643737653563373136626231656634656266
33333035323637643061643161323431373138633733343336366230616364643437303235306165
62646232663638376236393838383936396538353631376366383433666566633230666465333436
36343363323732353033623434313935646338366639653938633031346165363266313662363865
66363238623630653530373532653831393431643764303331326562363838373164613964643736
39353037663264376234653062643135663166373064306263383635653532393930623239383466
37663132653963616264383037333866633464323937643966373662616233306461613534353435
64303734323631653762613332643163303265326537613436353833316636656661303263656232
30316137346338373935383639373034616238343966643934383737643638396461303061346237
33396432653933633836393261356636303431316639663663663064663864653832623938643731
31373139343039316565636233316131323338393538346161393837313862663336393531623035
33383339643961363463663937383436343464303861313138393339616339653731323433326462
64393164396164386234346136303861316330353738303938353338356436656164653938613261
32656433353761646663353061653739366137376561323931323337626535636434666134303838
32643531343038383735303866633762333631356364343035616361393537613631353234343461
38393466616133633363666139383535373130343862613964333163616163333661663566643664
64616461313736373233356430636165663233363266396334626465613937616535363834616466
37383865303935343839613030393836386531303139636233623765646365366633656165633837
66666437616330393139613166313039623132353633303763376265396431383239643063323136
32346139333234326632363161343539393463613338663639663932386337323937623866646132
62383266316361653632653863616265616464386337346335636665643464366164636536373138
62336430306138336634633731616539316133313366636639356430306564323132386666393338
35336430333531323731626638303638616635613264656130306265363764393937636563326334
35343666313530613631306234326165303164623037353138336433363261326639613361383963
34653636616431666334356165666430323833643230316138363637666134306530303536613436
31323366353730333331313361376463316637383134633366623462623530306566343537626530
38623630346236306466346564313662356137363965313530633861353466616464306132393938
66633063386630626530373730383530313766333637663265323336623565363334643063363130
62383264633961616332623563653636376231356535643832393863633664623536383931373365
33643664326335363565323066316531613937326432343833636638396538393562393037666661
62616635323939373437386532396665643162303135626139363835383037656137353063663163
64666134613033656666623539363338666239643839383931323363333963353532663262653466
63356430636534373662396134336534353230323338623664326138653963613230396134333333
30323662323363366433643535303932383864643231323633353836666662636533636664653135
34363433303435356130646464346366653838636364646336396165393536383236356131363239
65333937383535323031363534343934376335343930313830636334623237343962623330623031
39666239663864363434323662343665366338643237396335616336373932383335316664363237
66353832336461333735623535366234373136363234653039373064663464356362306332613938
30336130613233643063376638383131343937326661336538633363653361323366346432656432
66343936336130666639303137353931373931376234653535373362623366363831323739313863
33653261386662336335333537393834613963623532313131303238306536323263396132376435
35376266386635346162326238396461383932623532663565616430323733353338373736653433
66373561376364326534636434643963666339616333343762663261383631643437386636366436
31613730353534386331303437363965306130306666646234313634383538336464393233616263
30396532346363323336623237663061353663336465616333313235346638376639333730356534
61633734383035656664383931356134346231363232626366306362656539396637353939333130
61666666313263346334303539393863653636316361646438353462326634353335616636633864
31353837663438346336643637643465356262363834633762663763333762633436656631646265
66326635663838646664613634393663333362376265306635653232646262346363633039633465
61653565363863343561313731386630663732643237366265383364346436393861663135356565
37303463663438383365626231383435663838653763316135353365613233656539316462393239
31396237663038333662393231323036326132373164393961643665663031373765373361373230
31303733626138646164363632316263326133363131643263383132336137323534323161393162
61636165626632626461643536353938386565303932663165616430613835313434373664336631
63663362306363363338613231356664356435316634366237393737333837303964373763643639
66313034323965386431323839316135363464653936623635383833386261363332626537363463
37343265623732343535313166333264656562386131356232663830633532393732643764376132
33653938643036653862313735633030633634383064343963653364666130313038383830653761
30313032306463633864336539653238323936313561303431626161313331326164333835366331
65623362316235383365383863326634393335323861393834663165326537646339613336353364
30636261613066353537636530316463636337396133363034333762633465383035613465373732
37373839303535343236373761643763333265636133623863356464633037633231663465393162
31323134616362353130316636616536643734353034376538653265613265353934613434393835
39626131303062336666393337306561386265623263653633643266393362333137313835306434
37383734383262306531373361313935303339616561663038646634633437306465316433626337
66626430666335323162323664323163363666653935613137646437623764343033626631643635
66303361376630333465333833333265343434303837313239616665363636363334326533663263
37356232326262336635663230383861633538316635323539623431333638383365376638623531
64613336626538626363656265343736636166333433386461663834666366323630656231343535
63626365313165386139656339396466343536353763616166303135343933626138373363643837
64316538633337653637616131303837383836643430653363343238396435346461356539653066
61613339333839353534363938626165366635316466383237633964616137333762336431363862
63323264616139306332343666326334623738643362633930653137623735393936646639663966
36303065373635646136616665393763393533623262633938623535623662303334383531383134
38306132363635373038326566623732366464626461613738333462396463363262393261656138
38663265623733616638343431356238333030333565616163306662316533636636336361623165
61656366323363373964636331313561353235316166653631623162303435613833616437623364
61363434636130363462346133643362343464323365303034623730653636663834313964363333
39613862646235663565613639343630626239303031666161343031393439333438366236313164
33353964653639663961303166363233386635356562393333663837356266623338626135343432
39396535393062356339643430363734376136643131663862663261323733316436656463656434
37393039643735306434653333326136616531303463613261353537383239633936376236613862
62633362636237383432613238623961306336306362393738316466646535376565346263373736
31313532663339313537326566346437626339356563666138396531663538343230333832643938
63316332323434383366656638663334336235396533313630626462633164363866643730373664
64386530373731626531653733333633616230636439323666386334393566343962643362373461
63626661313232656436333363653236353933383563636434346537613865653964303762366231
64316463396431346565646466313765353164666565633161633534626564653033333866396633
34636333623061376161643466376562336462353231343438383364356238363339633535313133
30313739343463373266656230363864313061343636646136663536353663396634373362373332
66333263613931323036313066346434386264626232393032326333386632333136376261653161
63326432346335393339323064306331343265393439353239613138363466353830623065626466
63366337333463393966613562363666653338343662666533386238363465353166653334633835
35643162383235353330643337663363663337643238316661356133306361306438303234636661
35383335326637386233623736323731393765343237323535383439323935633265666462313533
61303261323564303137623735653063666134386561633261383430306639353833626161373730
33613765313033336566303737336233666136316164666534646238356136366564663739346561
33333965663136343337666565623937396464353234316639323765326237396537636135646366
61383435383662636533363163656230333263323736656632303136323661343763656430303661
34666162336139643139353365663839313933366633623936646139616566646138313864643666
35623565383531383637636139613734666362376333376238656535323839636330323362313761
36303531666131626662613639653061656466303434316561666530646431363665396430326539
32626332303232366635633335636364373133386631306634373238633430393533376238366662
31326436303932643530343137326135333230303766613338353561343339383236633164646566
37616239333735623431313866366533383738373161656332343561663139663330633431383463
36336635303536653437326262396166316132303732356466363832616638313134613164363666
65633731653465336439383662376331636532633332646535653532663238356163616561653435
63373438313330396339616261303961323137653337646239643563323230343163613538616163
38303731646238613134636432326662633063653939303335363132363532366634643763653032
32353366393161346138646363373263313133363933383938656330616366383239656532353665
63623133313735336538633762303138633764643530393061646436313235313066323462303165
39623062643464316665303936646438306435653363616237333839663531313035326363313531
36376138396530626134326233323738643630383639356439343836343232643935356163313931
35303961356331343230316635656139383465656130373633313432333332333032343239386435
62303935353537303532316432303730303233336531623034386634336338366530343665326136
35633562323138343663323330633833653538666164643533343565386435643966613964336534
34623839313134616530363339373432313731656439353338626431323538623964326639363234
34653433373366626232386533383232323961393039613561616433333732383366656437656131
65626466383766326131343837306637306635633663366339323363353735393166363161666432
62306531336638383461653233393138626366373265333138393733636633613263356561646238
63373539373662346161323039393939343738636138383539383938363363393930356537633838
32623934383538666166666262623631316261633332663634303034303037306436383036313433
39373135333732623133373836326263323932633733363162353230643261333166663031353661
34613234623135656661343839303663303730336265613266306430353435363239356461396230
35663362636135663561653135393934386166326333653864363864663536643434663830346435
65313538383434336464656364316538326435646330393437666666653839383432623565386363
65356661353365656534303636333939663166643532656466666461623232393664336464313963
39333165386636326437663530393134373033343630666237623736323939663363613561336635
64336234376462393338633636383534313036636433323838333437306532353664386631663933
36353362363561306464306136386231356131323535636365646633643134306137333536326566
61393562316135623234373630353862643133313066346361623365303732626563613364366661
36306266383135303065333064353863306233663064313565656163363466386237373935623236
34386331373664616132333932363565616261616133303332396465303861323630663365323533
38373833343266623964643131636566356438313530633666646136626262386232346131643231
38666364626232303761633130383966356462383231306361653236663339306234623338626133
35336236366466326137323839396162323466323832386436316237336335623765653231323932
32666161303461343532363065353539333931663862623830616162663161303930373131356338
66303133666161333935353836393438633862646663353336343839646639303430623735393534
62346636396430656365623036643737336430626135336230633231346565373162376236366439
37653931333630643438663664343132333563653162646637653861353935366239656634656330
36643438343436666665316261343037633037306235643030316663643731633365636437663231
63613639343962393935613631613333343765623430613434373532363663343965636131363864
31633035313537613031626534346639616536636331383535623337323061313465333064613931
33633963313065316434633339323264623861366564653732346539366238663633663936326165
61396630343666613933323863323136383137626230613533343832383639653761376333333438
32323365643039323039623938663464616432643936626430393466346437363835623266383762
65653235313537343030613732376431373835313534393235326234393833346265333136363166
66336331666138316537383736333765653535626234323732393064393162336465386534393036
38643463333835363537663866306366356636323837636332313033666232326534663163326261
37313232303436373137616635373862383561303366616461356237353166383461643232656139
34356637626664363465313439653561383938386133616633383031363937333039393433343564
65636564396132656439363762643232336435663233396630363639623762383766386333313532
37393839313031386466363333336135333464313737663963616361376465396362353335323832
37353662626538373665396235376433656330636266343633356434656133333631656235313566
66313737646430326439616233313565623138626662636339376436656537636162393836653935
33663361343733373537313835663136656339366663316365383635323161633931323962616661
36313632343766643964306331326435616239353164313166626337333830333963323065353539
31313130386134313764363961326530373233376161663037303132393335623866373564316237
31656564646335363430653463393163373563346665323133393532616237663137616632376466
64623366313966376131363737346561643839303764626132323266623436353830626431643132
62386633633035373737346534656633393933343863393862623238643036393332393830383462
62383538303836303134666639383664303438363366353863383631393466613261663337653138
31396338336266653837323534356638313466643166326330326161366633343861613262373164
32373332346230383664613162373135336535353832383533346462366563373364376666623836
36633137663537346332303130313763343437363738363233626239616630643538636439363430
66663134363464623665616533623161616234323034633364656164643030373238393438363930
35363066376263306262616530656130386337333530316432303231386364306162373434323732
65353164313636653333653439343539656334383366313232653638313232656338393565303439
66303139366639376232643261623438613436393733363931386236323235353663343062326234
32373965343763303266346334343736346465633932353964653033653866383330666332613463
61643732633463373235326636373337316138303763366431323365373030646664303563363631
39313763646564656539373333343765656331613836656233393562333333383534393138376137
31653166373934366138613664626237396535666236333233306233633232346664383364383464
35356563303935363633323232313231623930363730643563623738333038333963663736356332
37346666363161373830613463363165306630356636613665396237656232636265313137636534
33316235633934386435313331616361333234353437313336396438646561326330363639366662
61663230616336666539623735316134613538336362666634343837646166343032323638336565
33313234626461323937666232306433353932383334656639653066353534396166623764313063
31303139303738333235383330373533633337383264316262373566373062396564636530396330
37663936343330626338373532393836613730386433356135323963356236333034653539373066
38646130393131633331623239626539383931323062643834356264643739663937363738626133
65666639323663396562333732383164333039396630623638616265393239613861336438316430
39373963633433303836643861336561383261616461303466623737643265643633663736383230
66353961363230343430393635396337653231336262323430393435373761393161333935623837
33383766333364653733383537323730333366393436393964306636636431313662373161336233
33356331353938333561626130336332613466313262343034336562336334303933623538646335
65376466303465653665343932626665633761336631633133326165313830306531623264346664
62643935376164656538623939373935333233353538303731333336323133393364313866646565
30613666336236393166313931313135636438646162303236383739306239353864343765383532
32333162643235383466353737653632373263373230663363366136373238633965373039363962
39383361343335323263383031353636643039353137343035313731616434316465663663623835
30323732356535663265613963303863303564303034653265366632626664396134316536386439
66373836633139396539653039346139333333383531643237616334313662383032363432326564
63646531626136313763366637316332646366303437303832383130303936643864613937323830
32636437633136363539633937333837626132313635336538366336623637383738306232663332
63333932396439356236323965646639616435383637343361346634396633393138623935623664
63383637393634376562383463376539393163303935363534303362633539323033636133666631
34313861363436376137626561663132383939353239396538363035656164623135366334393433
63353536646538376666306466336230343839343462323366386434383166363038326230366666
36383030343332343064656136393063383735333232343333316432333134613865616463663137
31616461623562656431316365623166316561636162373462613636303637333631656665636335
64386162666436363761306166633038333934383262326565653631623332303537343766623663
64633930633536323331343239303635656465373864383538626234343534626539666131653337
34303565643239636561356236316538623861343133353034393038656338623161656534356337
65323361346431613039363331373332333037656437666634383537353139343032353164666263
34336662366564353062623830373666376666326539303366316437633430626637306536303737
37366638646534636438643937393639336138363739336130326164386133316364633930393065
32656131343833653637666334643262633431343139373530363464306332343735303333356662
62643634336332633836333437626665316537363864323431366634356236333265353934396533
38336634313833336130303136613565366539643966313735646331366539336139383865303264
34653333663936373365633666396262653736336536366134383532336639636266386364633566
35373233636638383163303432363563646266323232393063656434333965313934616465313733
62306465393437316433656366323661613035646432383231353666366265383438356236646436
64636266303833373937343634613731366461626166363637613538663262623530313731663538
36373931363763373339323135623936356334616232336138643231353732373163613635633132
3536343061363030363164663339333932393464306335316239
